%PDF-1.7

1 0 obj
  << /Type /XObject
     /Length 2 0 R
     /Group << /Type /Group
               /S /Transparency
            >>
     /Subtype /Form
     /Resources << >>
     /BBox [ 0.000000 0.000000 32.000000 24.000000 ]
  >>
stream
q
0.000000 12.000000 m
0.000000 18.627417 5.372583 24.000000 12.000000 24.000000 c
20.000000 24.000000 l
26.627417 24.000000 32.000000 18.627417 32.000000 12.000000 c
32.000000 12.000000 l
32.000000 5.372583 26.627417 0.000000 20.000000 0.000000 c
12.000000 0.000000 l
5.372583 0.000000 0.000000 5.372583 0.000000 12.000000 c
0.000000 12.000000 l
h
W*
n
q
1.000000 0.000000 -0.000000 1.000000 0.000000 0.000000 cm
0.929412 0.941176 0.956863 scn
12.000000 23.000000 m
20.000000 23.000000 l
20.000000 25.000000 l
12.000000 25.000000 l
12.000000 23.000000 l
h
20.000000 1.000000 m
12.000000 1.000000 l
12.000000 -1.000000 l
20.000000 -1.000000 l
20.000000 1.000000 l
h
12.000000 1.000000 m
5.924868 1.000000 1.000000 5.924868 1.000000 12.000000 c
-1.000000 12.000000 l
-1.000000 4.820299 4.820299 -1.000000 12.000000 -1.000000 c
12.000000 1.000000 l
h
31.000000 12.000000 m
31.000000 5.924868 26.075132 1.000000 20.000000 1.000000 c
20.000000 -1.000000 l
27.179701 -1.000000 33.000000 4.820299 33.000000 12.000000 c
31.000000 12.000000 l
h
20.000000 23.000000 m
26.075132 23.000000 31.000000 18.075132 31.000000 12.000000 c
33.000000 12.000000 l
33.000000 19.179701 27.179701 25.000000 20.000000 25.000000 c
20.000000 23.000000 l
h
12.000000 25.000000 m
4.820299 25.000000 -1.000000 19.179701 -1.000000 12.000000 c
1.000000 12.000000 l
1.000000 18.075132 5.924868 23.000000 12.000000 23.000000 c
12.000000 25.000000 l
h
f
n
Q
Q

endstream
endobj

2 0 obj
  1425
endobj

3 0 obj
  << /Type /XObject
     /Length 4 0 R
     /Group << /Type /Group
               /S /Transparency
            >>
     /Subtype /Form
     /Resources << /XObject << /X1 1 0 R >>
                   /ExtGState << /E1 << /ca 0.640000 >> >>
                >>
     /BBox [ 0.000000 0.000000 32.000000 24.000000 ]
  >>
stream
/DeviceRGB CS
/DeviceRGB cs
q
1.000000 0.000000 -0.000000 1.000000 0.000000 17.000000 cm
0.000000 0.141176 0.533333 scn
0.000000 7.000000 m
0.000000 0.000000 l
32.000000 0.000000 l
32.000000 7.000000 l
0.000000 7.000000 l
h
f
n
Q
q
1.000000 0.000000 -0.000000 1.000000 0.000671 0.000000 cm
0.854902 0.070588 0.101961 scn
0.000000 17.000000 m
0.000000 0.000000 l
32.000000 0.000000 l
32.000000 17.000000 l
0.000000 17.000000 l
h
f
n
Q
q
1.000000 0.000000 -0.000000 1.000000 4.696960 19.254028 cm
0.988235 0.866667 0.035294 scn
0.331212 3.956480 m
-0.050977 3.326218 -0.096575 2.822072 0.164269 1.951535 c
0.289861 1.545285 0.427821 0.938619 0.485786 0.609750 c
0.563073 0.145463 0.554978 0.101326 0.565833 0.000374 c
0.662441 0.000374 0.881989 0.000006 0.983508 0.000616 c
0.998105 0.161357 1.009907 0.346890 1.044180 0.602020 c
1.084141 0.899491 1.202660 1.521646 1.330132 1.953772 c
1.584865 2.817303 1.567806 3.347104 1.171709 3.946807 c
1.026796 4.169278 0.833578 4.353058 0.746630 4.353058 c
0.659682 4.353058 0.462987 4.183202 0.331212 3.956480 c
h
f
n
Q
q
1.000000 0.000000 -0.000000 1.000000 5.803650 18.890778 cm
0.988235 0.866667 0.035294 scn
0.057291 0.776061 m
0.024465 0.609762 0.016460 0.551057 0.000000 0.363625 c
0.117101 0.363151 0.163127 0.362350 0.277276 0.363035 c
0.302264 0.489125 0.320258 0.555691 0.375330 0.734661 c
0.593656 1.426838 1.236689 1.704634 1.207707 1.056568 c
1.198046 0.877624 1.122616 0.777709 1.038653 0.681780 c
1.142442 0.707689 1.362865 0.810686 1.541591 0.912249 c
2.536663 1.511952 2.144813 2.981421 1.101437 2.536480 c
0.560427 2.304337 0.235035 1.661691 0.057291 0.776061 c
h
f
n
Q
q
1.000000 0.000000 -0.000000 1.000000 4.694397 19.002380 cm
0.988235 0.866667 0.035294 scn
0.000000 0.007989 m
0.436625 0.005752 1.191238 0.001738 1.553681 0.003974 c
1.554106 0.111482 1.555459 0.056617 1.556349 0.143492 c
1.289519 0.146059 0.267743 0.141822 0.002068 0.141822 c
0.002677 0.085616 0.001460 0.058402 0.000000 0.007989 c
0.000000 0.007989 l
h
f
n
Q
q
1.000000 0.000000 -0.000000 1.000000 4.419495 17.160156 cm
0.988235 0.866667 0.035294 scn
0.000000 1.059629 m
0.000000 1.059629 0.217500 1.035144 0.420335 1.049956 c
0.623171 1.064769 0.735717 1.090111 0.855595 1.148417 c
0.823045 0.906418 0.821176 0.672724 0.821176 0.672724 c
0.850678 0.361292 0.884058 0.281589 0.951511 0.130016 c
1.043030 0.003578 1.096251 0.002885 1.163531 0.136394 c
1.236248 0.285887 1.284116 0.439636 1.299304 0.674179 c
1.294023 0.849964 1.284206 0.930513 1.242623 1.145397 c
1.382970 1.084591 1.471615 1.068831 1.680995 1.049957 c
1.895253 1.030642 2.092190 1.040111 2.092190 1.040111 c
2.092190 1.040111 1.802772 1.185532 1.675386 1.363884 c
1.549641 1.539936 1.576458 1.510004 1.485025 1.736805 c
1.373925 1.742070 0.810630 1.736887 0.631903 1.736887 c
0.534015 1.530120 0.524173 1.486941 0.403265 1.356465 c
0.245869 1.186613 0.000000 1.059629 0.000000 1.059629 c
h
f
n
Q
q
1.000000 0.000000 -0.000000 1.000000 3.011841 18.891113 cm
0.988235 0.866667 0.035294 scn
1.015591 2.536480 m
1.556601 2.304337 1.881992 1.661691 2.059737 0.776061 c
2.092562 0.609762 2.100567 0.551057 2.117027 0.363625 c
1.999926 0.363151 1.953901 0.362350 1.839752 0.363035 c
1.814764 0.489125 1.796769 0.555691 1.741697 0.734661 c
1.523371 1.426838 0.880338 1.704634 0.909321 1.056568 c
0.918982 0.877624 0.994411 0.777709 1.078374 0.681780 c
0.974586 0.707689 0.754163 0.810686 0.575436 0.912249 c
-0.419636 1.511952 -0.027786 2.981421 1.015591 2.536480 c
1.015591 2.536480 l
h
f
n
Q
q
1.000000 0.000000 -0.000000 1.000000 14.696960 19.254028 cm
0.988235 0.866667 0.035294 scn
0.331212 3.956480 m
-0.050977 3.326218 -0.096575 2.822072 0.164269 1.951535 c
0.289861 1.545285 0.427821 0.938619 0.485786 0.609750 c
0.563073 0.145463 0.554978 0.101326 0.565833 0.000374 c
0.662441 0.000374 0.881989 0.000006 0.983508 0.000616 c
0.998105 0.161357 1.009907 0.346890 1.044180 0.602020 c
1.084141 0.899491 1.202660 1.521646 1.330132 1.953772 c
1.584865 2.817303 1.567806 3.347104 1.171709 3.946807 c
1.026796 4.169278 0.833578 4.353058 0.746630 4.353058 c
0.659682 4.353058 0.462987 4.183202 0.331212 3.956480 c
h
f
n
Q
q
1.000000 0.000000 -0.000000 1.000000 15.803650 18.890778 cm
0.988235 0.866667 0.035294 scn
1.101437 2.536480 m
0.560427 2.304337 0.235035 1.661691 0.057291 0.776061 c
0.024465 0.609762 0.016460 0.551057 0.000000 0.363625 c
0.117101 0.363151 0.163127 0.362350 0.277276 0.363035 c
0.302264 0.489125 0.320258 0.555691 0.375330 0.734661 c
0.593656 1.426838 1.236689 1.704634 1.207707 1.056568 c
1.198046 0.877624 1.122616 0.777709 1.038653 0.681780 c
1.142442 0.707689 1.362865 0.810686 1.541591 0.912249 c
2.536663 1.511952 2.144813 2.981421 1.101437 2.536480 c
1.101437 2.536480 l
h
f
n
Q
q
1.000000 0.000000 -0.000000 1.000000 14.694397 19.002380 cm
0.988235 0.866667 0.035294 scn
0.000000 0.007989 m
0.436625 0.005752 1.191238 0.001738 1.553681 0.003974 c
1.554106 0.111482 1.555459 0.056617 1.556349 0.143492 c
1.289519 0.146059 0.267743 0.141822 0.002068 0.141822 c
0.002677 0.085616 0.001460 0.058402 0.000000 0.007989 c
0.000000 0.007989 l
h
f
n
Q
q
1.000000 0.000000 -0.000000 1.000000 14.419495 17.160156 cm
0.988235 0.866667 0.035294 scn
0.403265 1.356465 m
0.245869 1.186613 0.000000 1.059629 0.000000 1.059629 c
0.000000 1.059629 0.217500 1.035144 0.420335 1.049956 c
0.623171 1.064769 0.735717 1.090111 0.855595 1.148417 c
0.823045 0.906418 0.821176 0.672724 0.821176 0.672724 c
0.850678 0.361292 0.884058 0.281589 0.951511 0.130016 c
1.043030 0.003578 1.096251 0.002885 1.163531 0.136394 c
1.236248 0.285887 1.284116 0.439636 1.299304 0.674179 c
1.294023 0.849964 1.284206 0.930513 1.242623 1.145397 c
1.382970 1.084591 1.471615 1.068831 1.680995 1.049957 c
1.895253 1.030642 2.092190 1.040111 2.092190 1.040111 c
2.092190 1.040111 1.802772 1.185532 1.675386 1.363884 c
1.549641 1.539936 1.576458 1.510004 1.485025 1.736805 c
1.373925 1.742070 0.810630 1.736887 0.631903 1.736887 c
0.534015 1.530120 0.524173 1.486941 0.403265 1.356465 c
0.403265 1.356465 l
h
f
n
Q
q
1.000000 0.000000 -0.000000 1.000000 13.011841 18.891113 cm
0.988235 0.866667 0.035294 scn
1.015591 2.536480 m
1.556601 2.304337 1.881992 1.661691 2.059737 0.776061 c
2.092562 0.609762 2.100567 0.551057 2.117027 0.363625 c
1.999926 0.363151 1.953901 0.362350 1.839752 0.363035 c
1.814764 0.489125 1.796769 0.555691 1.741697 0.734661 c
1.523371 1.426838 0.880338 1.704634 0.909321 1.056568 c
0.918982 0.877624 0.994411 0.777709 1.078374 0.681780 c
0.974586 0.707689 0.754163 0.810686 0.575436 0.912249 c
-0.419636 1.511952 -0.027786 2.981421 1.015591 2.536480 c
1.015591 2.536480 l
h
f
n
Q
q
1.000000 0.000000 -0.000000 1.000000 24.696960 19.254028 cm
0.988235 0.866667 0.035294 scn
0.331212 3.956480 m
-0.050977 3.326218 -0.096575 2.822072 0.164269 1.951535 c
0.289861 1.545285 0.427821 0.938619 0.485786 0.609750 c
0.563073 0.145463 0.554978 0.101326 0.565833 0.000374 c
0.662441 0.000374 0.881989 0.000006 0.983508 0.000616 c
0.998105 0.161357 1.009907 0.346890 1.044180 0.602020 c
1.084141 0.899491 1.202660 1.521646 1.330132 1.953772 c
1.584865 2.817303 1.567806 3.347104 1.171709 3.946807 c
1.026796 4.169278 0.833578 4.353058 0.746630 4.353058 c
0.659682 4.353058 0.462987 4.183202 0.331212 3.956480 c
h
f
n
Q
q
1.000000 0.000000 -0.000000 1.000000 25.803650 18.890778 cm
0.988235 0.866667 0.035294 scn
1.101437 2.536480 m
0.560427 2.304337 0.235035 1.661691 0.057291 0.776061 c
0.024465 0.609762 0.016460 0.551057 0.000000 0.363625 c
0.117101 0.363151 0.163127 0.362350 0.277276 0.363035 c
0.302264 0.489125 0.320258 0.555691 0.375330 0.734661 c
0.593656 1.426838 1.236689 1.704634 1.207707 1.056568 c
1.198046 0.877624 1.122616 0.777709 1.038653 0.681780 c
1.142442 0.707689 1.362865 0.810686 1.541591 0.912249 c
2.536663 1.511952 2.144813 2.981421 1.101437 2.536480 c
1.101437 2.536480 l
h
f
n
Q
q
1.000000 0.000000 -0.000000 1.000000 24.694397 19.002380 cm
0.988235 0.866667 0.035294 scn
0.000000 0.007989 m
0.436625 0.005752 1.191238 0.001738 1.553681 0.003974 c
1.554106 0.111482 1.555459 0.056617 1.556349 0.143492 c
1.289519 0.146059 0.267743 0.141822 0.002068 0.141822 c
0.002677 0.085616 0.001460 0.058402 0.000000 0.007989 c
0.000000 0.007989 l
h
f
n
Q
q
1.000000 0.000000 -0.000000 1.000000 24.419495 17.160156 cm
0.988235 0.866667 0.035294 scn
0.403265 1.356465 m
0.245869 1.186613 0.000000 1.059629 0.000000 1.059629 c
0.000000 1.059629 0.217500 1.035144 0.420335 1.049956 c
0.623171 1.064769 0.735717 1.090111 0.855595 1.148417 c
0.823045 0.906418 0.821176 0.672724 0.821176 0.672724 c
0.850678 0.361292 0.884058 0.281589 0.951511 0.130016 c
1.043030 0.003578 1.096251 0.002885 1.163531 0.136394 c
1.236248 0.285887 1.284116 0.439636 1.299304 0.674179 c
1.294023 0.849964 1.284206 0.930513 1.242623 1.145397 c
1.382970 1.084591 1.471615 1.068831 1.680995 1.049957 c
1.895253 1.030642 2.092190 1.040111 2.092190 1.040111 c
2.092190 1.040111 1.802772 1.185532 1.675386 1.363884 c
1.549641 1.539936 1.576458 1.510004 1.485025 1.736805 c
1.373925 1.742070 0.810630 1.736887 0.631903 1.736887 c
0.534015 1.530120 0.524173 1.486941 0.403265 1.356465 c
0.403265 1.356465 l
h
f
n
Q
q
1.000000 0.000000 -0.000000 1.000000 23.011841 18.891113 cm
0.988235 0.866667 0.035294 scn
1.015591 2.536480 m
1.556601 2.304337 1.881992 1.661691 2.059737 0.776061 c
2.092562 0.609762 2.100567 0.551057 2.117027 0.363625 c
1.999926 0.363151 1.953901 0.362350 1.839752 0.363035 c
1.814764 0.489125 1.796769 0.555691 1.741697 0.734661 c
1.523371 1.426838 0.880338 1.704634 0.909321 1.056568 c
0.918982 0.877624 0.994411 0.777709 1.078374 0.681780 c
0.974586 0.707689 0.754163 0.810686 0.575436 0.912249 c
-0.419636 1.511952 -0.027786 2.981421 1.015591 2.536480 c
1.015591 2.536480 l
h
f
n
Q
q
1.000000 0.000000 -0.000000 1.000000 10.886169 10.644043 cm
0.000000 0.501961 0.000000 scn
0.412599 0.227547 m
0.622355 0.129635 0.890186 0.052477 1.025255 0.047923 c
1.184883 0.042544 1.142509 0.081821 0.844584 0.197843 c
0.611376 0.288975 0.332469 0.442204 0.208666 0.537217 c
-0.013273 0.718806 -0.013273 0.718806 0.009985 0.559054 c
0.023276 0.467768 0.190561 0.325869 0.412599 0.227547 c
0.412599 0.227547 l
h
f
n
Q
q
1.000000 0.000000 -0.000000 1.000000 9.974304 11.153107 cm
0.000000 0.501961 0.000000 scn
0.019695 1.605659 m
0.154948 1.063992 0.715280 0.067711 0.908498 0.029020 c
1.082394 0.000003 1.082394 0.009675 0.937480 0.174110 c
0.695958 0.454616 0.174270 1.479915 0.174270 1.673367 c
0.174270 1.779766 0.125965 1.857147 0.068000 1.857147 c
0.000374 1.857147 -0.018948 1.760421 0.019695 1.605659 c
0.019695 1.605659 l
h
f
n
Q
q
1.000000 0.000000 -0.000000 1.000000 4.187073 11.886078 cm
0.000000 0.501961 0.000000 scn
0.000046 1.551887 m
-0.003309 1.532835 0.178034 1.392780 0.405270 1.234802 c
0.632506 1.076823 0.897247 0.853292 0.985126 0.739560 c
1.135698 0.536184 1.988660 0.032014 2.068680 0.096462 c
2.147022 0.151384 1.048323 1.042702 0.583786 1.301505 c
0.030817 1.615207 0.011789 1.618567 0.000046 1.551887 c
0.000046 1.551887 l
h
f
n
Q
q
1.000000 0.000000 -0.000000 1.000000 4.498352 11.515106 cm
0.000000 0.501961 0.000000 scn
0.000000 1.178719 m
0.000000 1.159374 0.202879 1.052975 0.454062 0.936903 c
0.705245 0.820832 1.004733 0.646724 1.111003 0.549998 c
1.294560 0.375890 2.222005 0.027676 2.289632 0.105057 c
2.357258 0.172765 1.120664 0.859522 0.618297 1.033630 c
0.019322 1.246428 0.000000 1.246428 0.000000 1.178719 c
h
f
n
Q
q
1.000000 0.000000 -0.000000 1.000000 9.281860 11.163300 cm
0.000000 0.501961 0.000000 scn
0.000000 1.453137 m
0.000000 1.346738 0.376775 0.611618 0.598975 0.302094 c
0.724566 0.127986 0.869480 0.031260 1.033715 0.031260 c
1.275237 0.031260 1.275237 0.031260 0.908123 0.447183 c
0.695584 0.669654 0.415419 1.008196 0.270505 1.191976 c
0.125592 1.375756 0.000000 1.491828 0.000000 1.453137 c
0.000000 1.453137 l
h
f
n
Q
q
1.000000 0.000000 -0.000000 1.000000 6.953613 9.106720 cm
0.000000 0.501961 0.000000 scn
0.772871 0.531984 m
0.135253 0.280495 0.000000 0.193442 0.000000 0.058025 c
0.000000 -0.000011 0.067626 0.009662 0.173896 0.096715 c
0.260844 0.183769 0.579654 0.299840 0.869480 0.367549 c
1.159307 0.435257 1.507099 0.551329 1.642352 0.619037 c
1.883874 0.744781 l
1.594047 0.744781 l
1.439473 0.735109 1.062698 0.638383 0.772871 0.531984 c
0.772871 0.531984 l
h
f
n
Q
q
1.000000 0.000000 -0.000000 1.000000 6.359802 11.010468 cm
0.000000 0.501961 0.000000 scn
0.102505 0.144050 m
-0.061730 0.018306 -0.052069 0.008633 0.305384 0.066669 c
0.517924 0.095687 0.827072 0.153722 0.981647 0.192413 c
1.232830 0.260121 1.213508 0.269794 0.778768 0.279467 c
0.488941 0.289139 0.218436 0.231104 0.102505 0.144050 c
h
f
n
Q
q
1.000000 0.000000 -0.000000 1.000000 3.912781 9.966431 cm
0.000000 0.501961 0.000000 scn
0.149443 2.205101 m
1.743490 1.914922 4.941246 0.841260 4.748028 0.657480 c
4.699724 0.609117 3.801260 0.831587 3.675669 0.918641 c
3.627364 0.967004 3.153981 0.947659 2.632293 0.879951 c
1.656542 0.773552 1.492307 0.686498 1.511629 0.289920 c
1.521290 0.096467 1.521290 0.096467 1.569594 0.289920 c
1.656542 0.647807 1.801456 0.725188 2.352127 0.725188 c
2.951102 0.725188 4.593454 0.483373 5.318021 0.289920 c
6.284110 0.019086 6.313093 0.019086 5.994283 0.193194 c
5.578865 0.425337 4.950907 0.850933 4.834976 0.976677 c
4.622437 1.218493 0.767740 2.282482 0.207409 2.263137 c
-0.053435 2.243792 -0.063096 2.243792 0.149443 2.205101 c
h
f
n
Q
q
1.000000 0.000000 -0.000000 1.000000 4.488892 10.872528 cm
0.000000 0.501961 0.000000 scn
0.306174 0.783595 m
0.190243 0.696542 0.064651 0.493416 0.035669 0.328982 c
-0.022297 0.048475 -0.022297 0.048475 0.132278 0.232255 c
0.538035 0.744905 0.567018 0.764250 1.069384 0.773923 c
1.475142 0.783595 1.533107 0.802941 1.339889 0.860976 c
0.934132 0.986721 0.528374 0.957703 0.306174 0.783595 c
h
f
n
Q
q
1.000000 0.000000 -0.000000 1.000000 9.703430 10.496826 cm
0.000000 0.501961 0.000000 scn
0.015946 0.562356 m
0.093233 0.426939 0.846782 0.049707 0.904748 0.107743 c
0.933730 0.136760 0.846782 0.214141 0.730852 0.281850 c
0.605260 0.349558 0.441025 0.455957 0.373399 0.533338 c
0.218824 0.678428 -0.071002 0.707446 0.015946 0.562356 c
0.015946 0.562356 l
h
f
n
Q
q
1.000000 0.000000 -0.000000 1.000000 9.761597 9.577850 cm
0.000000 0.501961 0.000000 scn
0.015946 0.562356 m
0.093233 0.426939 0.846782 0.049707 0.904748 0.107743 c
0.933730 0.136760 0.846782 0.214141 0.730852 0.281850 c
0.605260 0.349558 0.441025 0.455957 0.373399 0.533338 c
0.218824 0.678428 -0.071002 0.707446 0.015946 0.562356 c
0.015946 0.562356 l
h
f
n
Q
q
1.000000 0.000000 -0.000000 1.000000 8.679565 10.281128 cm
0.000000 0.501961 0.000000 scn
0.017871 1.010780 m
0.031771 1.024217 0.249144 0.952011 0.507026 0.851734 c
0.764908 0.751458 1.098034 0.656709 1.241352 0.647365 c
1.493953 0.636111 2.388392 0.210041 2.379772 0.107585 c
2.378105 0.011843 1.025681 0.425396 0.551619 0.666259 c
-0.017358 0.949830 -0.030780 0.963742 0.017871 1.010780 c
h
f
n
Q
q
1.000000 0.000000 -0.000000 1.000000 9.853760 10.171265 cm
0.000000 0.501961 0.000000 scn
0.443848 0.413723 m
0.263622 0.343986 0.082376 0.217857 0.026061 0.127626 c
-0.040492 0.020989 0.015831 0.019969 0.248280 0.136875 c
0.430553 0.228144 0.693729 0.303014 0.838118 0.315331 c
1.108466 0.328685 1.108466 0.328685 0.936416 0.436326 c
0.838101 0.497834 0.629194 0.491663 0.443848 0.413723 c
0.443848 0.413723 l
h
f
n
Q
q
1.000000 0.000000 -0.000000 1.000000 5.587219 11.014465 cm
0.000000 0.501961 0.000000 scn
0.189138 2.830404 m
0.488626 2.259719 1.705898 0.944241 2.382161 0.441264 c
2.565718 0.305847 2.894188 0.170430 3.097067 0.141412 c
3.473842 0.083377 l
3.193676 0.392901 l
2.739614 0.886205 2.044030 1.834123 1.821829 2.250046 c
1.580307 2.704659 1.551324 2.588588 1.754203 2.008230 c
1.831490 1.776087 2.140639 1.311801 2.440126 0.982931 c
2.739614 0.644389 2.932832 0.363883 2.884527 0.363883 c
2.758936 0.363883 1.947421 1.321473 1.367767 2.153320 c
0.739809 3.062547 0.710826 3.091565 0.884722 2.588588 c
0.971671 2.346772 1.164888 1.988885 1.329123 1.795432 c
1.483698 1.592307 1.580307 1.427872 1.532002 1.427872 c
1.435393 1.427872 1.010314 1.911504 0.478965 2.607933 c
0.334052 2.811059 0.131173 3.072220 0.044225 3.188291 c
-0.052384 3.314035 0.015242 3.149601 0.189138 2.830404 c
0.189138 2.830404 l
h
f
n
Q
q
1.000000 0.000000 -0.000000 1.000000 5.704590 9.271667 cm
0.000000 0.501961 0.000000 scn
0.637619 0.829894 m
0.222201 0.733167 0.000000 0.588078 0.000000 0.413970 c
0.000000 0.346262 0.038644 0.355935 0.086948 0.433316 c
0.164235 0.559060 0.956428 0.791203 1.033715 0.713822 c
1.053037 0.694477 1.024055 0.549387 0.966089 0.404298 c
0.908124 0.259208 0.888802 0.114119 0.917785 0.085101 c
0.946768 0.046410 0.995072 0.123792 1.024055 0.230190 c
1.139985 0.646114 1.497438 0.771858 2.357258 0.694477 c
2.791998 0.655786 3.275043 0.607423 3.429617 0.597750 c
3.593852 0.588078 3.816053 0.530042 3.931983 0.462334 c
4.183167 0.326917 5.158916 0.317244 5.071969 0.452661 c
5.042986 0.501024 4.859429 0.568733 4.656550 0.597750 c
4.463333 0.626768 4.057575 0.723495 3.758087 0.800876 c
3.159112 0.955638 1.246255 0.974983 0.637619 0.829894 c
0.637619 0.829894 l
h
f
n
Q
q
1.000000 0.000000 -0.000000 1.000000 8.249817 8.074036 cm
0.000000 0.501961 0.000000 scn
1.620222 0.911041 m
0.892103 1.041074 0.545821 0.924909 0.251302 0.470437 c
0.000000 0.080117 l
0.323196 0.386883 l
0.762260 0.813743 1.081341 0.854939 1.870549 0.625314 c
2.239730 0.516004 2.552843 0.444558 2.563647 0.460596 c
2.623071 0.548804 2.000394 0.852643 1.620222 0.911041 c
h
f
n
Q
q
1.000000 0.000000 -0.000000 1.000000 9.179443 7.124176 cm
0.000000 0.501961 0.000000 scn
0.889102 1.657764 m
0.212840 1.357912 -0.009361 1.067733 0.000300 0.526066 c
0.009961 0.061780 l
0.106570 0.497048 l
0.232161 1.096751 0.473684 1.309549 1.256216 1.561038 c
1.623330 1.677109 1.922818 1.793181 1.922818 1.812526 c
1.922818 1.918925 1.236894 1.822199 0.889102 1.657764 c
h
f
n
Q
q
1.000000 0.000000 -0.000000 1.000000 9.737305 7.361481 cm
0.000000 0.501961 0.000000 scn
0.202879 0.590038 m
0.086948 0.435276 0.000000 0.232151 0.000000 0.125752 c
0.000000 0.000008 0.048304 0.029025 0.183557 0.251496 c
0.289827 0.425603 0.473384 0.628729 0.589314 0.715782 c
0.811515 0.870544 0.811515 0.870544 0.608636 0.870544 c
0.492706 0.870544 0.318809 0.754473 0.202879 0.590038 c
0.202879 0.590038 l
h
f
n
Q
q
1.000000 0.000000 -0.000000 1.000000 20.211853 3.867828 cm
0.000000 0.501961 0.000000 scn
0.173365 2.507406 m
0.487082 2.371296 2.114684 1.960330 3.266289 1.622674 c
4.417895 1.285018 5.764348 0.896290 6.062379 0.854410 c
6.488373 1.784040 5.713119 0.045225 6.155557 1.099075 c
5.580408 1.245655 3.313377 1.779703 2.403595 2.041452 c
1.619300 2.261322 0.506679 2.604293 0.221719 2.667113 c
-0.063241 2.729933 -0.067152 2.612106 0.173365 2.507406 c
h
f
n
Q
q
1.000000 0.000000 -0.000000 1.000000 20.406128 4.309692 cm
0.000000 0.501961 0.000000 scn
0.178065 2.306848 m
0.496336 2.181782 2.137270 1.827938 3.299945 1.530727 c
4.462619 1.233516 5.821801 0.892072 6.121110 0.860631 c
6.514441 1.804580 5.800269 0.039736 6.205703 1.108404 c
5.625794 1.234797 3.341529 1.689306 2.423178 1.919106 c
1.631697 2.111437 0.507799 2.415322 0.220823 2.468147 c
-0.066153 2.520971 -0.065955 2.403079 0.178065 2.306848 c
0.178065 2.306848 l
h
f
n
Q
q
1.000000 0.000000 -0.000000 1.000000 19.967590 3.398132 cm
0.000000 0.501961 0.000000 scn
0.165991 2.801734 m
0.472164 2.649371 2.076052 2.153683 3.208430 1.756146 c
4.340807 1.358610 5.665095 0.899861 5.960529 0.842421 c
6.434533 1.748456 5.569448 0.052647 6.066369 1.081869 c
5.499669 1.258385 3.263661 1.910493 2.368809 2.219555 c
1.597082 2.480221 0.503913 2.881023 0.222627 2.958688 c
-0.058659 3.036354 -0.068723 2.918893 0.165991 2.801734 c
h
f
n
Q
q
1.000000 0.000000 -0.000000 1.000000 19.779968 2.914124 cm
0.000000 0.501961 0.000000 scn
0.158252 3.087671 m
0.456041 2.919474 2.031820 2.340422 3.141866 1.884094 c
4.251911 1.427766 5.550404 0.900253 5.842431 0.827412 c
6.363145 1.707367 5.410603 0.059213 5.960642 1.060987 c
5.403945 1.266956 3.205089 2.035335 2.327618 2.390864 c
1.570574 2.691610 0.499855 3.149144 0.223015 3.241442 c
-0.053826 3.333740 -0.070017 3.216968 0.158252 3.087671 c
0.158252 3.087671 l
h
f
n
Q
q
1.000000 0.000000 -0.000000 1.000000 19.601318 2.478973 cm
0.000000 0.501961 0.000000 scn
0.152902 3.273304 m
0.444646 3.094805 1.999283 2.461045 3.092746 1.966207 c
4.186209 1.471370 5.465522 0.898808 5.754833 0.815807 c
6.305902 1.677030 5.296490 0.063165 5.881113 1.045108 c
5.331935 1.270404 3.161202 2.115147 2.296659 2.501120 c
1.550559 2.828136 0.496440 3.322804 0.222986 3.424720 c
-0.050469 3.526635 -0.070720 3.410499 0.152902 3.273304 c
0.152902 3.273304 l
h
f
n
Q
q
1.000000 0.000000 -0.000000 1.000000 9.087952 1.507660 cm
0.988235 0.866667 0.035294 scn
7.407283 1.737304 m
7.855853 1.424455 8.102527 0.989612 8.078097 0.540863 c
8.061526 0.170250 l
8.208775 0.534885 l
8.369853 0.916477 8.347677 1.494295 8.157417 1.922244 c
8.046417 2.171780 l
8.398913 2.018130 l
8.902617 1.805436 9.234278 1.431529 9.303546 0.987355 c
9.364285 0.621378 l
9.432580 1.008826 l
9.510865 1.415670 9.369282 1.976043 9.094218 2.355012 c
8.933809 2.576123 l
9.310553 2.499207 l
9.847399 2.396001 10.249424 2.099256 10.409467 1.679174 c
10.544896 1.333814 l
10.531189 1.727057 l
10.523330 2.141282 10.268371 2.659993 9.920688 2.973453 c
9.717878 3.156319 l
10.102358 3.159430 l
10.648890 3.170226 11.103796 2.963693 11.347546 2.586004 c
11.551636 2.276510 l
11.456657 2.658224 l
11.362959 3.061592 11.005895 3.515952 10.600701 3.750177 c
10.364324 3.886870 l
10.739786 3.969886 l
11.272124 4.094379 11.759989 3.986904 12.076784 3.668321 c
12.340699 3.408051 l
12.168472 3.761645 l
11.993077 4.136772 11.549442 4.506958 11.104466 4.651702 c
10.844877 4.735998 l
11.194875 4.895442 l
11.689685 5.127959 12.189185 5.124422 12.565258 4.878851 c
12.877545 4.679089 l
12.635684 4.989193 l
12.386147 5.319670 11.875376 5.589274 11.410052 5.638193 c
11.138705 5.666678 l
11.447946 5.895536 l
11.883661 6.225891 12.372988 6.326596 12.791828 6.164529 c
13.138780 6.034241 l
12.837824 6.287131 l
12.525110 6.558382 11.969501 6.715873 11.504177 6.666832 c
11.232830 6.638348 l
11.487728 6.926555 l
11.845342 7.340414 12.303110 7.540664 12.746441 7.469298 c
13.112827 7.414158 l
12.765875 7.598794 l
12.403692 7.799044 11.827552 7.837410 11.382576 7.692667 c
11.122987 7.608309 l
11.312455 7.943178 l
11.576309 8.422486 11.982477 8.713621 12.430925 8.736250 c
12.800783 8.758453 l
12.423066 8.866843 l
12.027194 8.987310 11.455683 8.904844 11.050489 8.670740 c
10.814112 8.534109 l
10.929986 8.901184 l
11.088567 9.424897 11.425344 9.794168 11.859353 9.909634 c
12.216540 10.008387 l
11.824567 10.035774 l
11.412307 10.071274 10.870404 9.871756 10.522721 9.558296 c
10.319911 9.375429 l
10.357013 9.758547 l
10.403314 10.303974 10.656079 10.735218 11.056643 10.938580 c
11.385501 11.109429 l
10.996390 11.054716 l
10.585775 11.003601 10.097179 10.695570 9.822177 10.316601 c
9.661769 10.095490 l
9.618514 10.477997 l
9.550586 11.020985 9.708192 11.495657 10.057763 11.777764 c
10.343914 12.013393 l
9.974665 11.878897 l
9.583666 11.743423 9.169762 11.340422 8.979441 10.912473 c
8.868441 10.662754 l
8.746656 11.027939 l
8.567424 11.544942 8.623107 12.042000 8.906456 12.390716 c
9.137472 12.680751 l
8.804228 12.472389 l
8.449904 12.258475 8.128662 11.778131 8.031369 11.319927 c
7.974651 11.052581 l
7.779700 11.384339 l
7.497021 11.852912 7.448284 12.350519 7.652982 12.750716 c
7.818690 13.082472 l
7.536012 12.809334 l
7.233838 12.526249 7.019392 11.989422 7.019392 11.521031 c
7.019392 11.247829 l
6.759802 11.531767 l
6.386106 11.931047 6.235079 12.407855 6.352172 12.841842 c
6.445261 13.200928 l
6.225515 12.874719 l
5.988710 12.535093 5.890442 11.965389 5.987735 11.507064 c
6.044393 11.239840 l
5.731558 11.463573 l
5.282988 11.776423 5.036314 12.211265 5.060744 12.660197 c
5.077254 13.030809 l
4.930005 12.665990 l
4.768987 12.284399 4.791163 11.706765 4.981362 11.278816 c
5.092362 11.029098 l
4.739867 11.182808 l
4.236162 11.395440 3.904502 11.769408 3.835233 12.213521 c
3.774494 12.579498 l
3.706261 12.192112 l
3.627976 11.785389 3.769498 11.224834 4.044623 10.845865 c
4.204970 10.624876 l
3.828288 10.701853 l
3.291442 10.804997 2.889417 11.101683 2.729374 11.521825 c
2.593944 11.867124 l
2.607652 11.473943 l
2.615511 11.059717 2.870470 10.541006 3.218153 10.227608 c
3.420963 10.044741 l
3.036483 10.041630 l
2.489950 10.030773 2.035044 10.237367 1.791295 10.614872 c
1.587144 10.924489 l
1.682183 10.542835 l
1.775881 10.139285 2.132946 9.684924 2.538139 9.450699 c
2.774457 9.314068 l
2.399054 9.231051 l
1.866716 9.106680 1.378851 9.213973 1.062056 9.532556 c
0.798080 9.792888 l
0.970307 9.439293 l
1.145763 9.064105 1.589399 8.694102 2.034374 8.549358 c
2.293963 8.464878 l
1.943966 8.305495 l
1.449095 8.072917 0.949594 8.076515 0.573521 8.322147 c
0.261234 8.521849 l
0.503095 8.211866 l
0.752632 7.881389 1.263404 7.611785 1.728727 7.562806 c
2.000136 7.534199 l
1.690895 7.305463 l
1.255119 6.974986 0.765792 6.874464 0.346952 7.036469 c
0.000000 7.166697 l
0.300956 6.913867 l
0.613669 6.642496 1.169279 6.485125 1.634603 6.534105 c
1.906011 6.562590 l
1.651052 6.274505 l
1.293439 5.860524 0.835669 5.660395 0.392339 5.731639 c
0.025953 5.786901 l
0.372905 5.602144 l
0.735148 5.401833 1.311289 5.363527 1.756264 5.508271 c
2.015854 5.592690 l
1.826325 5.257699 l
1.562471 4.778452 1.156303 4.487256 0.707855 4.464748 c
0.337996 4.442607 l
0.715714 4.334094 l
1.111586 4.213627 1.683097 4.296094 2.088290 4.530258 c
2.324668 4.666950 l
2.208855 4.299875 l
2.050275 3.776040 1.713497 3.406709 1.279487 3.291304 c
0.922301 3.192551 l
1.314274 3.165102 l
1.726534 3.129725 2.268437 3.329304 2.616120 3.642763 c
2.818930 3.825630 l
2.781828 3.442330 l
2.735527 2.897085 2.482761 2.465720 2.082198 2.262481 c
1.753340 2.091508 l
2.142450 2.146161 l
2.553065 2.197276 3.041661 2.505489 3.316664 2.884459 c
3.477072 3.105448 l
3.520388 2.722880 l
3.588316 2.179893 3.430649 1.705402 3.081078 1.423173 c
2.794865 1.187545 l
3.164115 1.322042 l
3.555113 1.457453 3.969079 1.860638 4.159400 2.288526 c
4.270339 2.538122 l
4.392123 2.173121 l
4.571356 1.655934 4.515673 1.159060 4.232324 0.810223 c
4.001307 0.520124 l
4.334551 0.728609 l
4.688875 0.942462 5.010117 1.422929 5.107410 1.881132 c
5.164129 2.148356 l
5.359079 1.816538 l
5.641758 1.348087 5.690496 0.850358 5.485798 0.450223 c
5.320089 0.118403 l
5.602768 0.391727 l
5.904943 0.674627 6.119388 1.211455 6.119388 1.679906 c
6.119388 1.953169 l
6.378978 1.669170 l
6.752675 1.269829 6.903700 0.793082 6.786669 0.359095 c
6.693458 0.000010 l
6.913204 0.326218 l
7.150009 0.665966 7.248276 1.235549 7.151044 1.693813 c
7.094326 1.961038 l
7.407283 1.737304 l
h
f
n
Q
q
/E1 gs
/X1 Do
Q

endstream
endobj

4 0 obj
  26646
endobj

5 0 obj
  << /Type /XObject
     /Length 6 0 R
     /Group << /Type /Group
               /S /Transparency
            >>
     /Subtype /Form
     /Resources << >>
     /BBox [ 0.000000 0.000000 32.000000 24.000000 ]
  >>
stream
/DeviceRGB CS
/DeviceRGB cs
q
1.000000 0.000000 -0.000000 1.000000 0.000000 0.000000 cm
0.000000 0.000000 0.000000 scn
0.000000 12.000000 m
0.000000 18.627417 5.372583 24.000000 12.000000 24.000000 c
20.000000 24.000000 l
26.627417 24.000000 32.000000 18.627417 32.000000 12.000000 c
32.000000 12.000000 l
32.000000 5.372583 26.627417 0.000000 20.000000 0.000000 c
12.000000 0.000000 l
5.372583 0.000000 0.000000 5.372583 0.000000 12.000000 c
0.000000 12.000000 l
h
f
n
Q

endstream
endobj

6 0 obj
  472
endobj

7 0 obj
  << /XObject << /X1 3 0 R >>
     /ExtGState << /E1 << /SMask << /Type /Mask
                                    /G 5 0 R
                                    /S /Alpha
                                 >>
                          /Type /ExtGState
                       >> >>
  >>
endobj

8 0 obj
  << /Length 9 0 R >>
stream
/DeviceRGB CS
/DeviceRGB cs
q
/E1 gs
/X1 Do
Q

endstream
endobj

9 0 obj
  46
endobj

10 0 obj
  << /Annots []
     /Type /Page
     /MediaBox [ 0.000000 0.000000 32.000000 24.000000 ]
     /Resources 7 0 R
     /Contents 8 0 R
     /Parent 11 0 R
  >>
endobj

11 0 obj
  << /Kids [ 10 0 R ]
     /Count 1
     /Type /Pages
  >>
endobj

12 0 obj
  << /Pages 11 0 R
     /Type /Catalog
  >>
endobj

xref
0 13
0000000000 65535 f
0000000010 00000 n
0000001683 00000 n
0000001706 00000 n
0000028700 00000 n
0000028724 00000 n
0000029444 00000 n
0000029466 00000 n
0000029764 00000 n
0000029866 00000 n
0000029887 00000 n
0000030062 00000 n
0000030138 00000 n
trailer
<< /ID [ (some) (id) ]
   /Root 12 0 R
   /Size 13
>>
startxref
30199
%%EOF